0 1
14 23 5 3
1 17 18
3 7 6
0 18 12
3 12 7
1 11 16
2 6 7
0 13 7
2 10 6
0 18 17
3 6 0
0 12 7
2 16 22
1 17 13
2 22 21
0 18 13
3 12 13
1 11 6
2 17 16
1 15 16
2 22 21
0 17 21
3 11 5
0 18 12
2 17 12
1 10 5
3 15 20
1 11 5
3 10 5
1 15 16
3 11 12
0 22 21
2 18 13
0 17 23
2 23 19
0 22 17
2 17 23
0 23 19
3 10 6
0 19 18
2 18 17
0 23 17
3 11 10
0 19 14
3 10 11
1 11 15
3 15 10
0 23 22
3 10 15
1 15 11
2 19 14
0 18 22
2 23 22
0 14 8
2 19 23
0 18 23
2 14 9
0 19 24
2 18 24
0 14 8
2 19 24
0 18 24
2 14 8
0 19 18
2 8 25
