0 1
21 22 12 11
1 16 20
2 17 13
0 20 15
3 15 10
1 10 6
2 11 17
0 16 12
2 12 17
0 21 17
2 6 0
0 16 17
2 12 13
1 6 0
3 10 15
0 20 15
3 16 15
0 21 20
2 13 7
1 0 6
3 10 5
1 6 0
3 5 0
0 16 20
2 12 8
0 10 11
2 7 1
0 11 10
2 13 7
0 7 8
3 10 5
0 8 2
2 7 11
0 2 1
2 8 13
0 7 13
3 11 12
0 12 16
2 7 2
0 8 3
2 2 3
0 3 4
2 8 4
0 7 1
2 2 1
0 8 4
2 3 4
1 12 18
3 6 5
1 11 5
3 12 18
1 6 10
3 16 10
0 12 18
3 22 18
0 16 11
2 7 11
0 12 16
3 21 20
0 16 22
3 22 21
0 12 16
3 21 16
0 8 9
3 22 21
0 3 9
2 8 14
1 2 6
2 7 6
1 8 9
2 2 7
0 7 25
