0 1
1 16 12 22
0 2 1
3 17 18
0 1 6
3 18 13
0 6 1
2 7 1
1 11 16
2 12 16
1 7 11
3 13 18
1 11 7
2 7 1
0 12 18
3 17 13
0 6 12
2 13 7
0 12 18
2 7 13
0 8 13
3 12 6
1 6 2
3 16 12
1 12 11
2 6 2
0 3 4
2 7 2
0 8 2
2 6 0
0 4 8
2 7 8
0 8 3
3 11 5
0 3 9
3 6 0
0 8 3
2 3 4
1 11 5
3 5 0
1 6 0
3 11 10
1 5 10
2 4 9
1 10 15
2 9 14
1 16 15
3 6 5
1 10 5
3 11 17
1 15 20
3 7 6
1 10 6
3 11 17
1 15 20
3 16 21
1 11 7
2 3 7
0 9 14
3 17 21
0 8 14
2 9 14
1 15 10
3 16 10
1 21 22
3 12 11
1 16 11
3 17 22
1 21 15
3 16 15
1 17 23
3 21 20
1 16 20
3 17 23
0 3 4
2 4 25
