0 1
6 12 10 21
1 17 13
2 11 15
1 13 7
2 7 1
0 11 12
3 15 10
1 12 17
3 10 5
0 5 0
2 1 0
0 0 5
2 5 1
0 1 7
2 0 6
1 6 2
3 5 10
1 10 11
2 6 11
0 7 2
2 1 0
1 6 0
3 11 5
1 10 5
2 6 12
0 2 8
2 7 13
0 8 3
3 6 1
0 2 1
3 12 13
0 8 13
3 6 2
0 3 2
2 11 7
0 8 7
3 12 6
0 3 4
3 8 14
0 4 9
2 6 12
1 11 12
3 9 3
0 3 8
3 8 4
1 10 15
2 11 16
0 9 14
2 15 16
1 11 6
2 10 6
1 16 17
3 3 8
0 14 8
2 15 20
1 11 17
2 16 17
1 15 20
3 9 4
1 20 21
2 15 10
1 16 10
2 20 21
1 15 11
2 16 11
1 21 22
3 3 4
0 9 14
2 22 23
1 16 21
2 18 24
1 21 25
