0 1
9 19 16 8
0 13 18
2 12 18
0 7 1
2 6 0
0 1 0
2 5 0
1 13 9
3 9 3
1 7 2
2 6 0
1 3 2
2 7 2
0 6 1
2 8 2
0 7 1
2 12 16
0 11 16
2 6 1
0 12 16
2 11 5
0 6 5
2 7 13
0 11 5
2 13 14
0 12 18
3 14 18
1 9 3
3 8 3
0 6 5
3 14 19
0 7 3
3 19 23
0 6 7
2 7 8
1 13 9
3 14 9
0 11 6
3 8 4
0 6 10
3 14 9
1 8 4
3 13 12
0 12 11
2 6 10
0 11 10
2 12 16
0 6 10
2 11 15
0 12 17
2 17 21
0 7 6
2 11 6
0 12 6
2 17 21
0 11 7
3 7 12
1 12 8
2 21 20
0 17 11
3 11 15
0 13 8
3 7 8
0 17 13
2 15 20
0 11 17
2 21 20
0 15 20
2 17 22
0 11 15
2 21 15
0 17 22
2 22 23
1 13 14
2 23 19
1 19 14
3 13 14
0 12 11
2 17 11
1 23 24
3 19 24
0 13 7
2 12 7
0 17 21
2 13 12
0 12 25
