0 1
9 8 21 7
0 13 9
2 16 10
0 12 18
2 10 5
0 18 14
2 5 0
1 12 16
2 10 16
1 11 16
2 5 10
1 6 10
3 8 3
1 7 1
3 3 2
1 6 10
3 2 1
1 7 1
3 3 2
1 6 2
3 9 3
1 7 3
3 14 9
1 8 9
2 0 1
1 7 2
2 5 0
1 6 0
2 11 5
1 7 3
2 6 0
1 8 4
2 7 6
1 12 6
2 8 4
1 13 9
2 7 6
1 8 4
2 11 5
1 7 6
2 12 16
1 8 4
2 7 11
1 12 11
2 13 19
1 7 11
2 19 23
1 8 7
2 13 7
1 12 7
2 19 24
1 8 7
2 23 17
0 17 11
2 18 19
1 13 19
3 8 14
1 12 13
3 13 14
1 8 14
2 23 19
0 18 12
2 17 21
1 12 8
2 23 24
1 8 12
3 12 13
1 13 8
2 17 21
0 23 22
2 21 15
0 24 18
3 18 17
1 17 22
2 22 23
1 12 8
3 13 8
0 18 24
2 23 24
0 17 21
2 22 21
0 18 17
2 17 25
