0 1
3 4 18 11
0 7 3
2 12 17
0 3 9
2 17 12
1 8 9
2 12 17
1 13 17
3 5 11
0 9 8
2 8 3
0 3 9
2 14 9
1 12 8
3 11 5
0 8 3
3 7 3
1 11 12
2 18 17
1 12 11
2 19 13
0 13 14
2 14 18
1 8 2
3 2 7
0 7 1
3 1 6
0 6 0
2 13 7
0 7 12
3 6 12
0 11 7
3 1 7
0 5 0
3 6 10
0 1 2
2 18 14
0 5 11
3 0 1
0 1 2
3 6 2
0 0 1
3 5 1
1 14 8
2 13 8
0 6 0
3 10 11
1 18 19
2 19 23
1 13 14
2 18 22
1 19 14
2 23 24
1 18 19
2 24 19
1 23 22
2 18 13
1 22 16
3 16 15
0 5 0
2 13 18
1 18 19
3 10 15
0 6 5
3 15 16
0 5 6
3 16 15
0 10 15
3 22 16
0 5 6
3 16 25
