id,blocks,players
2152,59613522136353671,201934
890,1319618945,70757
3218,1226953815,127051
2386,16784972053138,3942
897,4123491945866,110228
1039,11140156375609,194406
2864,1247286835675007,189888
1424,6206290750,3228
2541,1920206886506331,174081
437,488281787688,9628
2790,155324259380,85185
316,9155517671888,4087
1567,477235160938130,165808
2389,15259326787558,265812
2880,11924743709906325,223187
1197,1583228240,81963
829,5802003941155,7113
2810,7156677451275007,1181
775,3967535312825,191308
846,12359677896974,39006
974,215880112503,164400
2699,2464765849725417,133775
2786,7176914719620,111509
2357,1194453265674,84786
2944,396827032076,240856
3109,14317323351003369,91903
2781,402433403694,192027
2873,15871885928266,125860
416,11926269580866319,57651
1775,2905761843755,37663
3123,47705729466759474,284884
870,91861018291917,101935
257,7632080187508,962
486,244309388,94033
1931,763216445201,173927
2265,2472334775475,128882
2116,153532832226,143901
3573,3819922725258,683
1578,1678515703551,22583
147,1071777500016,188258
2575,1531884766061,105811
2863,706905159492,240631
120,1398190941,189400
2058,286165917993756,100637
3130,12416846099317772,66855
1174,14064984475,55913
2569,2612696457753223,105761
1241,2297665328430,129426
3172,1233665647,55136
2577,10041683653896906,192518
3268,763743134604195,250085
3139,226983038193531251,26852
3362,7155151447387783,32136
2251,967398956653984,203903
1221,11932055516946621,291433
3458,61988984697465747,2136
2486,489081472,110642
156,33781006614,194407
1103,2391969483009607,208262
2514,76315576254871,109612
951,191467344297085,318806
2020,1144444897406748,53865
2655,23059152289199,105079
297,15261426603234,18928
3312,2489450338515624,196164
165,2442628532308,95666
1312,49759718075036,204526
549,4781573682359391,13577
3490,476843771946879,25141
1907,18355528959574,101007
2792,11922467343556259,118405
1226,1270015940,94582
1744,3817242600006,145631
1643,3817141446885,115125
3013,14044749819363,206407
1969,2384185791918878,156301
2127,155245200050,113501
807,1907684766553907,6287
2211,59608526508789199,89461
753,763038943122,192100
3342,2483399317059517,261292
2147,29784914624794,282034
410,30537598968754,270669
2588,2403350938,46932
269,1525929297214,33286
2155,127762531,4627
334,5493174643971,176303
319,583984787514,117658
3298,38204132188,5328
2492,6408742312761,2311
52,8393554765638,94087
2467,152687128688,94016
3534,32204803737246,292066
716,307695718970,100083
1949,8564555143755,38488
2453,310688899322,135014
2733,2179396818998,5892
990,9918262909423,97167
3295,950051398742,141561
612,13006592360735,2337
